  5.00000E+00


         314
   0.00000000000000E+00   5.54585000000000E+02
   0.00000000000000E+00   4.20100000000000E+02
   1.85000000000000E+00   4.20100000000000E+02
   1.85000000000000E+00   4.20000000000000E+02
   1.76476670000000E+00   4.20000000000000E+02
   1.87372485000000E+00   4.15924318000000E+02
   1.86910156000000E+00   4.11897612000000E+02
   1.74682522000000E+00   4.07919294000000E+02
   1.58504465000000E+00   4.03988783000000E+02
   1.46045148000000E+00   4.00105503000000E+02
   1.40175321000000E+00   3.96268888000000E+02
   1.39400943000000E+00   3.92478377000000E+02
   1.39627392000000E+00   3.88733415000000E+02
   1.37589751000000E+00   3.85033455000000E+02
   1.34342612000000E+00   3.81377957000000E+02
   1.32914591000000E+00   3.77757221000000E+02
   1.34269680000000E+00   3.74170370000000E+02
   1.36473774000000E+00   3.70617088000000E+02
   1.36743011000000E+00   3.67097061000000E+02
   1.34977149000000E+00   3.63609978000000E+02
   1.33814014000000E+00   3.60155529000000E+02
   1.35281209000000E+00   3.56733410000000E+02
   1.38951170000000E+00   3.53343318000000E+02
   1.42249852000000E+00   3.49984954000000E+02
   1.42854495000000E+00   3.46658020000000E+02
   1.41531885000000E+00   3.43362223000000E+02
   1.41380589000000E+00   3.40097270000000E+02
   1.44984133000000E+00   3.36862873000000E+02
   1.53140242000000E+00   3.33658747000000E+02
   1.64610351000000E+00   3.30484608000000E+02
   1.76112800000000E+00   3.27340175000000E+02
   1.83470401000000E+00   3.24241168000000E+02
   1.84337848000000E+00   3.21199897000000E+02
   1.79936075000000E+00   3.18215286000000E+02
   1.73769128000000E+00   3.15286281000000E+02
   1.68955044000000E+00   3.12411844000000E+02
   1.66810646000000E+00   3.09590960000000E+02
   1.66993814000000E+00   3.06822630000000E+02
   1.68235625000000E+00   3.04105876000000E+02
   1.69399848000000E+00   3.01439736000000E+02
   1.70495026000000E+00   2.98823268000000E+02
   1.72668326000000E+00   2.96255546000000E+02
   1.77339162000000E+00   2.93735662000000E+02
   1.85544446000000E+00   2.91262725000000E+02
   1.97751777000000E+00   2.88835861000000E+02
   2.13835536000000E+00   2.86454210000000E+02
   2.33120582000000E+00   2.84116930000000E+02
   2.54518231000000E+00   2.81823195000000E+02
   2.76697211000000E+00   2.79572194000000E+02
   2.98224991000000E+00   2.77363130000000E+02
   3.17678631000000E+00   2.75195222000000E+02
   3.33752457000000E+00   2.73067703000000E+02
   3.45375453000000E+00   2.70979822000000E+02
   3.51790718000000E+00   2.68949797000000E+02
   3.52859764000000E+00   2.66976239000000E+02
   3.48878849000000E+00   2.65057579000000E+02
   3.40495095000000E+00   2.63192288000000E+02
   3.28583309000000E+00   2.61378883000000E+02
   3.14114206000000E+00   2.59615920000000E+02
   2.98042123000000E+00   2.57901996000000E+02
   2.81227547000000E+00   2.56235747000000E+02
   2.64396190000000E+00   2.54615847000000E+02
   2.48127322000000E+00   2.53041007000000E+02
   2.32943183000000E+00   2.51518458000000E+02
   2.19157754000000E+00   2.50048665000000E+02
   2.06947402000000E+00   2.48629801000000E+02
   1.96398330000000E+00   2.47260100000000E+02
   1.87525921000000E+00   2.45937859000000E+02
   1.80291442000000E+00   2.44661433000000E+02
   1.74617234000000E+00   2.43429235000000E+02
   1.70400785000000E+00   2.42239733000000E+02
   1.67527184000000E+00   2.41091447000000E+02
   1.65878976000000E+00   2.39982948000000E+02
   1.65342767000000E+00   2.38912859000000E+02
   1.65822565000000E+00   2.37869142000000E+02
   1.67297484000000E+00   2.36825424000000E+02
   1.69772634000000E+00   2.35781707000000E+02
   1.73252134000000E+00   2.34737989000000E+02
   1.77737091000000E+00   2.33694272000000E+02
   1.83223458000000E+00   2.32650554000000E+02
   1.89700307000000E+00   2.31606837000000E+02
   1.97148902000000E+00   2.30563119000000E+02
   2.05542671000000E+00   2.29519402000000E+02
   2.14847919000000E+00   2.28475685000000E+02
   2.25024993000000E+00   2.27431967000000E+02
   2.36029564000000E+00   2.26388250000000E+02
   2.47813792000000E+00   2.25344532000000E+02
   2.60327234000000E+00   2.24300815000000E+02
   2.73517429000000E+00   2.23257097000000E+02
   2.87330169000000E+00   2.22213380000000E+02
   3.01709502000000E+00   2.21169662000000E+02
   3.16597491000000E+00   2.20125945000000E+02
   3.31933779000000E+00   2.19082227000000E+02
   3.47654981000000E+00   2.18038510000000E+02
   3.63693947000000E+00   2.16994793000000E+02
   3.79978892000000E+00   2.15951075000000E+02
   3.96432437000000E+00   2.14907358000000E+02
   4.12970563000000E+00   2.13863640000000E+02
   4.29501532000000E+00   2.12819923000000E+02
   4.45924805000000E+00   2.11776205000000E+02
   4.62130022000000E+00   2.10732488000000E+02
   4.77996151000000E+00   2.09688770000000E+02
   4.93390911000000E+00   2.08645053000000E+02
   5.08170653000000E+00   2.07601336000000E+02
   5.22180907000000E+00   2.06557618000000E+02
   5.35257879000000E+00   2.05513901000000E+02
   5.47231233000000E+00   2.04470183000000E+02
   5.57928559000000E+00   2.03426466000000E+02
   5.67181945000000E+00   2.02382748000000E+02
   5.74837094000000E+00   2.01339031000000E+02
   5.80765254000000E+00   2.00295313000000E+02
   5.84877973000000E+00   1.99251596000000E+02
   5.87144082000000E+00   1.98207878000000E+02
   5.87607363000000E+00   1.97164161000000E+02
   5.86402100000000E+00   1.96120444000000E+02
   5.83762284000000E+00   1.95076726000000E+02
   5.80019461000000E+00   1.94033009000000E+02
   5.75585012000000E+00   1.92989291000000E+02
   5.70916253000000E+00   1.91945574000000E+02
   5.66471918000000E+00   1.90901856000000E+02
   5.62668296000000E+00   1.89858139000000E+02
   5.59847699000000E+00   1.88814421000000E+02
   5.58264399000000E+00   1.87770704000000E+02
   5.58084535000000E+00   1.86726986000000E+02
   5.59391578000000E+00   1.85683269000000E+02
   5.62189476000000E+00   1.84639552000000E+02
   5.66399113000000E+00   1.83595834000000E+02
   5.71848286000000E+00   1.82552117000000E+02
   5.78260258000000E+00   1.81508399000000E+02
   5.85250213000000E+00   1.80464682000000E+02
   5.92339685000000E+00   1.79420964000000E+02
   5.98993755000000E+00   1.78377247000000E+02
   6.04676199000000E+00   1.77333529000000E+02
   6.08910582000000E+00   1.76289812000000E+02
   6.11334949000000E+00   1.75246094000000E+02
   6.11742111000000E+00   1.74202377000000E+02
   6.10102124000000E+00   1.73158660000000E+02
   6.06565928000000E+00   1.72114942000000E+02
   6.01449698000000E+00   1.71071225000000E+02
   5.95199967000000E+00   1.70027507000000E+02
   5.88341740000000E+00   1.68983790000000E+02
   5.81416488000000E+00   1.67940072000000E+02
   5.74922183000000E+00   1.66896355000000E+02
   5.69268871000000E+00   1.65852637000000E+02
   5.64757282000000E+00   1.64808920000000E+02
   5.61577789000000E+00   1.63765202000000E+02
   5.59819998000000E+00   1.62721485000000E+02
   5.59482708000000E+00   1.61677768000000E+02
   5.60477959000000E+00   1.60634050000000E+02
   5.62628009000000E+00   1.59590333000000E+02
   5.65659138000000E+00   1.58546615000000E+02
   5.69200388000000E+00   1.57502898000000E+02
   5.72796777000000E+00   1.56459180000000E+02
   5.75942335000000E+00   1.55415463000000E+02
   5.78129049000000E+00   1.54371745000000E+02
   5.78899527000000E+00   1.53328028000000E+02
   5.77889976000000E+00   1.52284310000000E+02
   5.74855647000000E+00   1.51240593000000E+02
   5.69678006000000E+00   1.50196876000000E+02
   5.62357565000000E+00   1.49153158000000E+02
   5.52997876000000E+00   1.48109441000000E+02
   5.41785543000000E+00   1.47065723000000E+02
   5.28969746000000E+00   1.46022006000000E+02
   5.14843252000000E+00   1.44978288000000E+02
   4.99725818000000E+00   1.43934571000000E+02
   4.83950120000000E+00   1.42890853000000E+02
   4.67849908000000E+00   1.41847136000000E+02
   4.51749881000000E+00   1.40803418000000E+02
   4.35956685000000E+00   1.39759701000000E+02
   4.20750530000000E+00   1.38715984000000E+02
   4.06377165000000E+00   1.37672266000000E+02
   3.93040375000000E+00   1.36628549000000E+02
   3.80895656000000E+00   1.35584831000000E+02
   3.70046030000000E+00   1.34541114000000E+02
   3.60540793000000E+00   1.33497396000000E+02
   3.52377279000000E+00   1.32453679000000E+02
   3.45504743000000E+00   1.31409961000000E+02
   3.39828825000000E+00   1.30366244000000E+02
   3.35215139000000E+00   1.29322526000000E+02
   3.31491356000000E+00   1.28278809000000E+02
   3.28448441000000E+00   1.27235092000000E+02
   3.25843041000000E+00   1.26191374000000E+02
   3.23403826000000E+00   1.25147657000000E+02
   3.20844282000000E+00   1.24103939000000E+02
   3.17882656000000E+00   1.23060222000000E+02
   3.14266855000000E+00   1.22016504000000E+02
   3.09799396000000E+00   1.20972787000000E+02
   3.04356598000000E+00   1.19929069000000E+02
   2.97897622000000E+00   1.18885352000000E+02
   2.90462101000000E+00   1.17841634000000E+02
   2.82158190000000E+00   1.16797917000000E+02
   2.73144839000000E+00   1.15754200000000E+02
   2.63612433000000E+00   1.14710482000000E+02
   2.53765085000000E+00   1.13666765000000E+02
   2.43806483000000E+00   1.12623047000000E+02
   2.33929892000000E+00   1.11579330000000E+02
   2.24311966000000E+00   1.10535612000000E+02
   2.15109539000000E+00   1.09491895000000E+02
   2.06458444000000E+00   1.08448177000000E+02
   1.98473538000000E+00   1.07404460000000E+02
   1.91249351000000E+00   1.06360742000000E+02
   1.84861107000000E+00   1.05317025000000E+02
   1.79366105000000E+00   1.04273308000000E+02
   1.74805602000000E+00   1.03229590000000E+02
   1.71207345000000E+00   1.02185873000000E+02
   1.68588709000000E+00   1.01142155000000E+02
   1.66960180000000E+00   1.00098438000000E+02
   1.66328676000000E+00   9.90547203000000E+01
   1.66700185000000E+00   9.80110029000000E+01
   1.68081267000000E+00   9.69672854000000E+01
   1.70479235000000E+00   9.59235680000000E+01
   1.73901138000000E+00   9.48798505000000E+01
   1.78351927000000E+00   9.38361331000000E+01
   1.83832400000000E+00   9.27924156000000E+01
   1.90337490000000E+00   9.17486981000000E+01
   1.97855321000000E+00   9.07049807000000E+01
   2.06367181000000E+00   8.96612632000000E+01
   2.15848282000000E+00   8.86175458000000E+01
   2.26269043000000E+00   8.75738283000000E+01
   2.37596555000000E+00   8.65301109000000E+01
   2.49795995000000E+00   8.54863934000000E+01
   2.62831822000000E+00   8.44426760000000E+01
   2.76668699000000E+00   8.33989585000000E+01
   2.91272160000000E+00   8.23552411000000E+01
   3.06609044000000E+00   8.13115236000000E+01
   3.22647747000000E+00   8.02678062000000E+01
   3.39358359000000E+00   7.92240887000000E+01
   3.56712692000000E+00   7.81803712000000E+01
   3.74684260000000E+00   7.71366538000000E+01
   3.93248211000000E+00   7.60929363000000E+01
   4.12381242000000E+00   7.50492189000000E+01
   4.32061498000000E+00   7.40055014000000E+01
   4.52268468000000E+00   7.29617840000000E+01
   4.72982880000000E+00   7.19180665000000E+01
   4.94186603000000E+00   7.08743491000000E+01
   5.15862550000000E+00   6.98306316000000E+01
   5.37994589000000E+00   6.87869142000000E+01
   5.60567462000000E+00   6.77431967000000E+01
   5.83566711000000E+00   6.66994793000000E+01
   6.06978609000000E+00   6.56557618000000E+01
   6.30790097000000E+00   6.46120444000000E+01
   6.54988731000000E+00   6.35683269000000E+01
   6.79562631000000E+00   6.25246094000000E+01
   7.04500434000000E+00   6.14808920000000E+01
   7.29791257000000E+00   6.04371745000000E+01
   7.55424656000000E+00   5.93934571000000E+01
   7.81390599000000E+00   5.83497396000000E+01
   8.07679432000000E+00   5.73060222000000E+01
   8.34281854000000E+00   5.62623047000000E+01
   8.61188896000000E+00   5.52185873000000E+01
   8.88391894000000E+00   5.41748698000000E+01
   9.15882477000000E+00   5.31311524000000E+01
   9.43652544000000E+00   5.20874349000000E+01
   9.71694252000000E+00   5.10437175000000E+01
   1.00000000000000E+01   5.00000000000000E+01
   2.00000000000000E+01   5.00000000000000E+01
   2.00000000000000E+01   7.00000000000000E+01
   7.40910000000000E+00   7.00000000000000E+01
   7.40910000000000E+00   1.00056000000000E+02
   7.40910000000000E+00   1.39026000000000E+02
   7.40910000000000E+00   1.46280000000000E+02
   7.40910000000000E+00   1.46430000000000E+02
   7.40910000000000E+00   1.59063000000000E+02
   6.25600000000000E+00   1.59063000000000E+02
   6.25600000000000E+00   1.89606000000000E+02
   7.40900000000000E+00   1.89606000000000E+02
   7.40900000000000E+00   1.98606000000000E+02
   7.40900000000000E+00   2.25540000000000E+02
   3.50000000000000E+00   2.25540000000000E+02
   3.50000000000000E+00   2.26540000000000E+02
   7.40900000000000E+00   2.26540000000000E+02
   7.40900000000000E+00   2.43715000000000E+02
   3.04800000000000E+01   2.43715000000000E+02
   3.04800000000000E+01   2.53920000000000E+02
   5.58800000000000E+01   2.53920000000000E+02
   5.58800000000000E+01   2.79320000000000E+02
   3.04800000000000E+01   2.79320000000000E+02
   3.04800000000000E+01   2.89525000000000E+02
   1.08500000000000E+01   2.89525000000000E+02
   1.08500000000000E+01   2.89670000000000E+02
   4.30000000000000E+00   2.89670000000000E+02
   4.30000000000000E+00   2.90670000000000E+02
   1.08500000000000E+01   2.90670000000000E+02
   1.08500000000000E+01   3.15815000000000E+02
   2.44470000000000E+01   3.15815000000000E+02
   2.44470000000000E+01   3.33975000000000E+02
   4.00000000000000E+00   3.33975000000000E+02
   4.00000000000000E+00   3.64085000000000E+02
   2.44475000000000E+01   3.64085000000000E+02
   2.44475000000000E+01   3.73345000000000E+02
   1.08500000000000E+01   3.73345000000000E+02
   1.08500000000000E+01   3.83135000000000E+02
   2.44475000000000E+01   3.83135000000000E+02
   2.44475000000000E+01   3.92395000000000E+02
   1.08500000000000E+01   3.92395000000000E+02
   1.08500000000000E+01   4.02185000000000E+02
   2.44475000000000E+01   4.02185000000000E+02
   2.44013000000000E+01   4.14370000000000E+02
   2.44475000000000E+01   4.24145000000000E+02
   1.08500000000000E+01   4.24145000000000E+02
   1.08500000000000E+01   4.41555000000000E+02
   1.27000000000000E+01   4.41555000000000E+02
   1.27000000000000E+01   4.92355000000000E+02
   1.84150000000000E+01   4.92355000000000E+02
   1.84150000000000E+01   5.10770000000000E+02
   4.38150000000000E+01   5.10770000000000E+02
   4.38150000000000E+01   5.36170000000000E+02
   1.84150000000000E+01   5.36170000000000E+02
   1.84150000000000E+01   5.43076000000000E+02
   1.84150000000000E+01   5.54585000000000E+02
   1.15090000000000E+01   5.54585000000000E+02
   4.60300000000000E+00   5.54585000000000E+02
   2.30100000000000E+00   5.54585000000000E+02
   0.00000000000000E+00   5.54585000000000E+02
