  5.00000E+00


         314
   0.00000000000000E+00   5.54585000000000E+02
   0.00000000000000E+00   4.20100000000000E+02
   3.00031000000000E+00   4.20102000000000E+02
   2.99976000000000E+00   4.20000000000000E+02
   2.42548788000000E+00   4.20000000000000E+02
   2.57773798000000E+00   4.15924318000000E+02
   2.57159752000000E+00   4.11897612000000E+02
   2.40165710000000E+00   4.07919294000000E+02
   2.17709839000000E+00   4.03988783000000E+02
   2.00471455000000E+00   4.00105503000000E+02
   1.92405520000000E+00   3.96268888000000E+02
   1.91418546000000E+00   3.92478377000000E+02
   1.91804660000000E+00   3.88733415000000E+02
   1.88982649000000E+00   3.85033455000000E+02
   1.84446788000000E+00   3.81377957000000E+02
   1.82451076000000E+00   3.77757221000000E+02
   1.84342693000000E+00   3.74170370000000E+02
   1.87427020000000E+00   3.70617088000000E+02
   1.87798584000000E+00   3.67097061000000E+02
   1.85317307000000E+00   3.63609978000000E+02
   1.83686978000000E+00   3.60155529000000E+02
   1.85734223000000E+00   3.56733410000000E+02
   1.90864434000000E+00   3.53343318000000E+02
   1.95477453000000E+00   3.49984954000000E+02
   1.96298695000000E+00   3.46658020000000E+02
   1.94403208000000E+00   3.43362223000000E+02
   1.94142297000000E+00   3.40097270000000E+02
   1.99128179000000E+00   3.36862873000000E+02
   2.10511417000000E+00   3.33658747000000E+02
   2.26657299000000E+00   3.30484608000000E+02
   2.43077299000000E+00   3.27340175000000E+02
   2.53931038000000E+00   3.24241168000000E+02
   2.55779784000000E+00   3.21199897000000E+02
   2.50134026000000E+00   3.18215286000000E+02
   2.41837351000000E+00   3.15286281000000E+02
   2.35304207000000E+00   3.12411844000000E+02
   2.32426953000000E+00   3.09590960000000E+02
   2.32746381000000E+00   3.06822630000000E+02
   2.34468013000000E+00   3.04105876000000E+02
   2.35958507000000E+00   3.01439736000000E+02
   2.37219196000000E+00   2.98823268000000E+02
   2.39870361000000E+00   2.96255546000000E+02
   2.45870013000000E+00   2.93735662000000E+02
   2.56571377000000E+00   2.91262725000000E+02
   2.72455719000000E+00   2.88835861000000E+02
   2.93069736000000E+00   2.86454210000000E+02
   3.17068447000000E+00   2.84116930000000E+02
   3.42449559000000E+00   2.81823195000000E+02
   3.66906779000000E+00   2.79572194000000E+02
   3.88185781000000E+00   2.77363130000000E+02
   4.04394614000000E+00   2.75195222000000E+02
   4.14240386000000E+00   2.73067703000000E+02
   4.17153675000000E+00   2.70979822000000E+02
   4.13342774000000E+00   2.68949797000000E+02
   4.03687587000000E+00   2.66976239000000E+02
   3.89380573000000E+00   2.65057579000000E+02
   3.71709191000000E+00   2.63192288000000E+02
   3.51896214000000E+00   2.61378883000000E+02
   3.31006666000000E+00   2.59615920000000E+02
   3.09911124000000E+00   2.57901996000000E+02
   2.89287103000000E+00   2.56235747000000E+02
   2.69640881000000E+00   2.54615847000000E+02
   2.51336672000000E+00   2.53041007000000E+02
   2.34714329000000E+00   2.51518458000000E+02
   2.19927612000000E+00   2.50048665000000E+02
   2.07027311000000E+00   2.48629801000000E+02
   1.96006331000000E+00   2.47260100000000E+02
   1.86812382000000E+00   2.45937859000000E+02
   1.79358603000000E+00   2.44661433000000E+02
   1.73533690000000E+00   2.43429235000000E+02
   1.69211991000000E+00   2.42239733000000E+02
   1.66262923000000E+00   2.41091447000000E+02
   1.64558581000000E+00   2.39982948000000E+02
   1.63978708000000E+00   2.38912859000000E+02
   1.64422548000000E+00   2.37869142000000E+02
   1.65865828000000E+00   2.36825424000000E+02
   1.68312245000000E+00   2.35781707000000E+02
   1.71765166000000E+00   2.34737989000000E+02
   1.76225517000000E+00   2.33694272000000E+02
   1.81689571000000E+00   2.32650554000000E+02
   1.88147155000000E+00   2.31606837000000E+02
   1.95580652000000E+00   2.30563119000000E+02
   2.03964896000000E+00   2.29519402000000E+02
   2.13267787000000E+00   2.28475685000000E+02
   2.23451349000000E+00   2.27431967000000E+02
   2.34472888000000E+00   2.26388250000000E+02
   2.46286030000000E+00   2.25344532000000E+02
   2.58841483000000E+00   2.24300815000000E+02
   2.72087458000000E+00   2.23257097000000E+02
   2.85969780000000E+00   2.22213380000000E+02
   3.00431687000000E+00   2.21169662000000E+02
   3.15413382000000E+00   2.20125945000000E+02
   3.30851357000000E+00   2.19082227000000E+02
   3.46677538000000E+00   2.18038510000000E+02
   3.62818262000000E+00   2.16994793000000E+02
   3.79193124000000E+00   2.15951075000000E+02
   3.95713730000000E+00   2.14907358000000E+02
   4.12282379000000E+00   2.13863640000000E+02
   4.28790768000000E+00   2.12819923000000E+02
   4.45118759000000E+00   2.11776205000000E+02
   4.61133371000000E+00   2.10732488000000E+02
   4.76688114000000E+00   2.09688770000000E+02
   4.91622887000000E+00   2.08645053000000E+02
   5.05764702000000E+00   2.07601336000000E+02
   5.18929519000000E+00   2.06557618000000E+02
   5.30925580000000E+00   2.05513901000000E+02
   5.41558618000000E+00   2.04470183000000E+02
   5.50639340000000E+00   2.03426466000000E+02
   5.57993502000000E+00   2.02382748000000E+02
   5.63474720000000E+00   2.01339031000000E+02
   5.66979816000000E+00   2.00295313000000E+02
   5.68465900000000E+00   1.99251596000000E+02
   5.67967585000000E+00   1.98207878000000E+02
   5.65611690000000E+00   1.97164161000000E+02
   5.61625858000000E+00   1.96120444000000E+02
   5.56337060000000E+00   1.95076726000000E+02
   5.50156694000000E+00   1.94033009000000E+02
   5.43551455000000E+00   1.92989291000000E+02
   5.37003336000000E+00   1.91945574000000E+02
   5.30966699000000E+00   1.90901856000000E+02
   5.25832573000000E+00   1.89858139000000E+02
   5.21907691000000E+00   1.88814421000000E+02
   5.19409190000000E+00   1.87770704000000E+02
   5.18469691000000E+00   1.86726986000000E+02
   5.19144955000000E+00   1.85683269000000E+02
   5.21417672000000E+00   1.84639552000000E+02
   5.25194213000000E+00   1.83595834000000E+02
   5.30294990000000E+00   1.82552117000000E+02
   5.36443074000000E+00   1.81508399000000E+02
   5.43259187000000E+00   1.80464682000000E+02
   5.50272141000000E+00   1.79420964000000E+02
   5.56950235000000E+00   1.78377247000000E+02
   5.62751753000000E+00   1.77333529000000E+02
   5.67185714000000E+00   1.76289812000000E+02
   5.69871205000000E+00   1.75246094000000E+02
   5.70584966000000E+00   1.74202377000000E+02
   5.69290131000000E+00   1.73158660000000E+02
   5.66142164000000E+00   1.72114942000000E+02
   5.61470836000000E+00   1.71071225000000E+02
   5.55740012000000E+00   1.70027507000000E+02
   5.49490831000000E+00   1.68983790000000E+02
   5.43278195000000E+00   1.67940072000000E+02
   5.37613414000000E+00   1.66896355000000E+02
   5.32924444000000E+00   1.65852637000000E+02
   5.29538509000000E+00   1.64808920000000E+02
   5.27683305000000E+00   1.63765202000000E+02
   5.27497645000000E+00   1.62721485000000E+02
   5.29042146000000E+00   1.61677768000000E+02
   5.32303728000000E+00   1.60634050000000E+02
   5.37191667000000E+00   1.59590333000000E+02
   5.43527036000000E+00   1.58546615000000E+02
   5.51031221000000E+00   1.57502898000000E+02
   5.59322021000000E+00   1.56459180000000E+02
   5.67925394000000E+00   1.55415463000000E+02
   5.76305753000000E+00   1.54371745000000E+02
   5.83910122000000E+00   1.53328028000000E+02
   5.90216297000000E+00   1.52284310000000E+02
   5.94775008000000E+00   1.51240593000000E+02
   5.97239723000000E+00   1.50196876000000E+02
   5.97382185000000E+00   1.49153158000000E+02
   5.95095152000000E+00   1.48109441000000E+02
   5.90385547000000E+00   1.47065723000000E+02
   5.83361618000000E+00   1.46022006000000E+02
   5.74217085000000E+00   1.44978288000000E+02
   5.63214400000000E+00   1.43934571000000E+02
   5.50668221000000E+00   1.42890853000000E+02
   5.36929504000000E+00   1.41847136000000E+02
   5.22370078000000E+00   1.40803418000000E+02
   5.07367283000000E+00   1.39759701000000E+02
   4.92288273000000E+00   1.38715984000000E+02
   4.77473844000000E+00   1.37672266000000E+02
   4.63222315000000E+00   1.36628549000000E+02
   4.49774870000000E+00   1.35584831000000E+02
   4.37304464000000E+00   1.34541114000000E+02
   4.25910229000000E+00   1.33497396000000E+02
   4.15618057000000E+00   1.32453679000000E+02
   4.06386248000000E+00   1.31409961000000E+02
   3.98113935000000E+00   1.30366244000000E+02
   3.90650104000000E+00   1.29322526000000E+02
   3.83802290000000E+00   1.28278809000000E+02
   3.77345672000000E+00   1.27235092000000E+02
   3.71034412000000E+00   1.26191374000000E+02
   3.64617157000000E+00   1.25147657000000E+02
   3.57857039000000E+00   1.24103939000000E+02
   3.50553933000000E+00   1.23060222000000E+02
   3.42564416000000E+00   1.22016504000000E+02
   3.33814521000000E+00   1.20972787000000E+02
   3.24302425000000E+00   1.19929069000000E+02
   3.14091404000000E+00   1.18885352000000E+02
   3.03296001000000E+00   1.17841634000000E+02
   2.92065319000000E+00   1.16797917000000E+02
   2.80566884000000E+00   1.15754200000000E+02
   2.68973235000000E+00   1.14710482000000E+02
   2.57452145000000E+00   1.13666765000000E+02
   2.46160349000000E+00   1.12623047000000E+02
   2.35240160000000E+00   1.11579330000000E+02
   2.24818109000000E+00   1.10535612000000E+02
   2.15004825000000E+00   1.09491895000000E+02
   2.05895481000000E+00   1.08448177000000E+02
   1.97570392000000E+00   1.07404460000000E+02
   1.90095550000000E+00   1.06360742000000E+02
   1.83523142000000E+00   1.05317025000000E+02
   1.77892219000000E+00   1.04273308000000E+02
   1.73229834000000E+00   1.03229590000000E+02
   1.69552831000000E+00   1.02185873000000E+02
   1.66870321000000E+00   1.01142155000000E+02
   1.65186571000000E+00   1.00098438000000E+02
   1.64503851000000E+00   9.90547203000000E+01
   1.64824679000000E+00   9.80110029000000E+01
   1.66153035000000E+00   9.69672854000000E+01
   1.68494339000000E+00   9.59235680000000E+01
   1.71854289000000E+00   9.48798505000000E+01
   1.76236940000000E+00   9.38361331000000E+01
   1.81642593000000E+00   9.27924156000000E+01
   1.88066037000000E+00   9.17486981000000E+01
   1.95495565000000E+00   9.07049807000000E+01
   2.03912903000000E+00   8.96612632000000E+01
   2.13293928000000E+00   8.86175458000000E+01
   2.23609898000000E+00   8.75738283000000E+01
   2.34828880000000E+00   8.65301109000000E+01
   2.46917126000000E+00   8.54863934000000E+01
   2.59840231000000E+00   8.44426760000000E+01
   2.73564045000000E+00   8.33989585000000E+01
   2.88055310000000E+00   8.23552411000000E+01
   3.03282084000000E+00   8.13115236000000E+01
   3.19213990000000E+00   8.02678062000000E+01
   3.35822338000000E+00   7.92240887000000E+01
   3.53080152000000E+00   7.81803712000000E+01
   3.70962149000000E+00   7.71366538000000E+01
   3.89444666000000E+00   7.60929363000000E+01
   4.08505576000000E+00   7.50492189000000E+01
   4.28124185000000E+00   7.40055014000000E+01
   4.48281128000000E+00   7.29617840000000E+01
   4.68958267000000E+00   7.19180665000000E+01
   4.90138587000000E+00   7.08743491000000E+01
   5.11806107000000E+00   6.98306316000000E+01
   5.33945784000000E+00   6.87869142000000E+01
   5.56543438000000E+00   6.77431967000000E+01
   5.79585675000000E+00   6.66994793000000E+01
   6.03059817000000E+00   6.56557618000000E+01
   6.26953845000000E+00   6.46120444000000E+01
   6.51256340000000E+00   6.35683269000000E+01
   6.75956432000000E+00   6.25246094000000E+01
   7.01043758000000E+00   6.14808920000000E+01
   7.26508420000000E+00   6.04371745000000E+01
   7.52340949000000E+00   5.93934571000000E+01
   7.78532269000000E+00   5.83497396000000E+01
   8.05073673000000E+00   5.73060222000000E+01
   8.31956791000000E+00   5.62623047000000E+01
   8.59173569000000E+00   5.52185873000000E+01
   8.86716247000000E+00   5.41748698000000E+01
   9.14577340000000E+00   5.31311524000000E+01
   9.42749617000000E+00   5.20874349000000E+01
   9.71226092000000E+00   5.10437175000000E+01
   1.00000000000000E+01   5.00000000000000E+01
   2.00000000000000E+01   5.00000000000000E+01
   2.00000000000000E+01   7.00000000000000E+01
   7.40910000000000E+00   7.00000000000000E+01
   7.40910000000000E+00   1.00056000000000E+02
   7.40910000000000E+00   1.39026000000000E+02
   7.40910000000000E+00   1.46280000000000E+02
   7.40910000000000E+00   1.46430000000000E+02
   7.40910000000000E+00   1.59063000000000E+02
   6.25600000000000E+00   1.59063000000000E+02
   6.25600000000000E+00   1.89606000000000E+02
   7.40900000000000E+00   1.89606000000000E+02
   7.40900000000000E+00   1.98606000000000E+02
   7.40900000000000E+00   2.25540000000000E+02
   3.50000000000000E+00   2.25540000000000E+02
   3.50000000000000E+00   2.26540000000000E+02
   7.40900000000000E+00   2.26540000000000E+02
   7.40900000000000E+00   2.43715000000000E+02
   3.04800000000000E+01   2.43715000000000E+02
   3.04800000000000E+01   2.53920000000000E+02
   5.58800000000000E+01   2.53920000000000E+02
   5.58800000000000E+01   2.79320000000000E+02
   3.04800000000000E+01   2.79320000000000E+02
   3.04800000000000E+01   2.89525000000000E+02
   1.08500000000000E+01   2.89525000000000E+02
   1.08500000000000E+01   2.89670000000000E+02
   4.30000000000000E+00   2.89670000000000E+02
   4.30000000000000E+00   2.90670000000000E+02
   1.08500000000000E+01   2.90670000000000E+02
   1.08500000000000E+01   3.15815000000000E+02
   2.44470000000000E+01   3.15815000000000E+02
   2.44470000000000E+01   3.33975000000000E+02
   4.00000000000000E+00   3.33975000000000E+02
   4.00000000000000E+00   3.64085000000000E+02
   2.44475000000000E+01   3.64085000000000E+02
   2.44475000000000E+01   3.73345000000000E+02
   1.08500000000000E+01   3.73345000000000E+02
   1.08500000000000E+01   3.83135000000000E+02
   2.44475000000000E+01   3.83135000000000E+02
   2.44475000000000E+01   3.92395000000000E+02
   1.08500000000000E+01   3.92395000000000E+02
   1.08500000000000E+01   4.02185000000000E+02
   2.44475000000000E+01   4.02185000000000E+02
   2.44013000000000E+01   4.14370000000000E+02
   2.44475000000000E+01   4.24145000000000E+02
   1.08500000000000E+01   4.24145000000000E+02
   1.08500000000000E+01   4.41555000000000E+02
   1.27000000000000E+01   4.41555000000000E+02
   1.27000000000000E+01   4.92355000000000E+02
   1.84150000000000E+01   4.92355000000000E+02
   1.84150000000000E+01   5.10770000000000E+02
   4.38150000000000E+01   5.10770000000000E+02
   4.38150000000000E+01   5.36170000000000E+02
   1.84150000000000E+01   5.36170000000000E+02
   1.84150000000000E+01   5.43076000000000E+02
   1.84150000000000E+01   5.54585000000000E+02
   1.15090000000000E+01   5.54585000000000E+02
   4.60300000000000E+00   5.54585000000000E+02
   2.30100000000000E+00   5.54585000000000E+02
   0.00000000000000E+00   5.54585000000000E+02
